(3, 29)[[ 3.58411312e-01  1.00057937e-01  1.38575330e-01  7.66492784e-02
   1.60809755e-01  2.43629336e-01  4.39036787e-01  3.44372034e-01
   1.48765609e-01  1.75557375e-01  4.74861890e-01  2.65268862e-01
   1.88917100e-01  9.91923884e-02  3.83788735e-01  2.61374474e-01
   2.58352339e-01  4.18894589e-01  3.37260336e-01  2.57646173e-01
   1.89483404e-01  1.11561641e-01  1.21535011e-01  1.07668094e-01
   1.76691711e-01  1.94577396e-01  1.10330172e-01  3.56580257e-01
   2.70900786e-01]
 [ 1.06647931e-01  4.72867452e-02  3.50994080e-01  1.45254165e-01
   1.01594791e-01  2.57638335e-01  2.94209689e-01  1.63305581e-01
   2.37481549e-01  3.92311305e-01  3.12585086e-01  2.92446136e-01
   5.72120585e-02  2.23302066e-01  1.62498951e-01  4.86792594e-01
   1.31693780e-01  2.28447899e-01  1.23714074e-01  1.81713670e-01
   2.84638911e-01  3.49340111e-01  2.77054757e-01  4.39137876e-01
   2.56347209e-01  3.22826266e-01  4.00732577e-01  1.42843485e-01
   4.32006896e-01]
 [-1.77678280e-02  1.26304120e-01  1.95602000e-01  1.88516453e-03
   5.02719209e-02 -1.52625546e-01 -3.76087949e-02 -1.19294845e-01
   1.19546525e-01  1.22670449e-01 -1.39976144e-02  1.32214144e-01
   8.74497220e-02  2.72035062e-01  6.20084256e-02  1.54598892e-01
   4.90998067e-02  4.56854701e-04 -8.73649716e-02  1.65401340e-01
   9.36001390e-02  3.04318368e-01  3.48136351e-02  1.17384933e-01
   5.49968034e-02  3.12181741e-01  2.57864416e-01 -1.49777561e-01
   1.29137456e-01]]